948717.0 1044791.0 
994123.0 1034795.0 
1014776.0 1055686.0 
1014331.0 1107449.0 
1026414.0 1109660.0 
1057947.0 1063870.0 
1016371.0 1055189.0 
946716.0 1091668.0 
972782.0 992614.0 
984115.0 987679.0 
1072750.0 1068061.0 
968783.0 1121213.0 
901605.0 1097848.0 
822191.0 986215.0 
792175.0 870067.0 
770757.0 875307.0 
715848.0 839044.0 
700244.0 769415.0 
728217.0 759049.0 
721089.0 794746.0 
675995.0 733891.0 
735180.0 734391.0 
783575.0 721597.0 
819185.0 737564.0 
771258.0 798176.0 
701908.0 733775.0 
660500.0 698176.0 
637986.0 671452.0 
593314.0 690446.0 
624052.0 638105.0 
629523.0 690169.0 
589582.0 690742.0 
632830.0 650486.0 
645216.0 654186.0 
624684.0 661486.0 
669359.0 711929.0 
681542.0 722075.0 
695452.0 693744.0 
661181.0 714133.0 
740464.0 731681.0 
720288.0 808529.0 
711919.0 822507.0 
683779.0 812050.0 
709798.0 738250.0 
705125.0 778469.0 
756345.0 757130.0 
751508.0 806724.0 
721871.0 784586.0 
695559.0 745119.0 
709438.0 688043.0 
753268.0 728848.0 
797011.0 681337.0 
802018.0 692057.0 
801248.0 703962.0 
814508.0 723843.0 
774247.0 745092.0 
780593.0 778070.0 
850217.0 798503.0 
906854.0 884908.0 
1075633.0 1007038.0 
1073773.0 1141891.0 
930569.0 1103834.0 
757150.0 917546.0 
639003.0 805368.0 
575066.0 642016.0 
554037.0 571299.0 
552546.0 552576.0 
555377.0 538890.0 
519555.0 597144.0 
566042.0 622554.0 
567416.0 574369.0 
579056.0 585017.0 
598767.0 629785.0 
643773.0 592772.0 
744185.0 668084.0 
788657.0 771529.0 
741299.0 824653.0 
600643.0 719624.0 
573325.0 623973.0 
546350.0 594236.0 
498264.0 564499.0 
522208.0 584071.0 
510156.0 534883.0 
508161.0 521659.0 
499001.0 558091.0 
480330.0 516872.0 
486051.0 504124.0 
457131.0 501978.0 
488015.0 504635.0 
474060.0 557059.0 
484627.0 548420.0 
472123.0 551898.0 
483147.0 553472.0 
452917.0 521059.0 
473920.0 521215.0 
446972.0 530733.0 
446305.0 544386.0 
458912.0 501783.0 
453044.0 538170.0 
472130.0 548943.0 
454050.0 586577.0 
523086.0 699675.0 
520401.0 929959.0 
539253.0 1272941.0 
608534.0 1547153.0 
663173.0 1864541.0 
704682.0 2358750.0 
684038.0 3057326.0 
661862.666667 3811701.0 
639687.333333 3871119.0 
617512.0 2938170.0 
552130.0 2282112.0 
584851.0 2297913.0 
692765.0 2871843.0 
785310.0 3797039.0 
816123.0 4847745.0 
837941.0 5608822.0 
860434.0 6225342.0 
881549.0 6499535.0 
924070.0 6624780.0 
937186.5 6762660.0 
950303.0 6850660.0 
982926.0 7023817.0 
977335.5 7111350.0 
971745.0 7256981.0 
999439.5 7306166.0 
1027134.0 7189360.0 
1077590.5 7157351.0 
1128047.0 7234437.0 
1212556.0 7712173.0 
1257730.0 8798308.0 
1210793.0 8478272.0 
1163856.0 5587268.0 
878740.0 2602435.0 
595696.0 1172185.0 
485092.0 647980.0 
434443.0 522194.0 
426211.0 537347.0 
420557.0 497279.0 
388883.0 509132.0 
395534.0 470544.0 
416534.0 471699.0 
431986.0 507319.0 
430732.0 503325.0 
432221.0 469240.0 
435348.0 475081.0 
428779.0 512356.0 
432817.0 510964.0 
433930.0 499091.0 
435129.0 500448.0 
440011.0 476428.0 
432163.0 483234.0 
394869.0 482745.0 
383757.0 479055.0 
380658.0 448404.0 
405885.0 482722.0 
382774.0 441421.0 
417083.0 433355.0 
389041.0 440172.0 
437316.0 472907.0 
428561.0 468506.0 
434303.0 470498.0 
406882.0 426249.0 
398643.0 423878.0 
416149.0 417939.0 
406539.0 412000.0 
401015.0 407553.0 
390848.0 436793.0 
355766.0 395709.0 
392252.0 437572.0 
390381.0 434764.0 
382137.0 416025.0 
390245.0 412074.0 
391563.0 429594.0 
394065.0 453272.0 
385750.0 479178.0 
395954.0 425299.0 
399127.0 406860.0 
367110.0 400410.0 
400680.0 392926.0 
390502.0 428334.0 
390939.0 429176.0 
359248.0 396351.0 
380808.0 407834.0 
349151.0 428306.0 
349133.0 461308.0 
377743.0 458015.0 
388342.0 465868.0 
402399.0 438482.0 
435127.0 477739.0 
441574.0 479480.0 
451931.0 523191.0 
508478.0 636648.0 
559619.0 726489.0 
601982.0 700476.0 
634549.0 690020.0 
637810.0 642736.0 
624233.0 647737.0 
612799.0 708213.0 
630520.0 717585.0 
693482.0 643322.0 
785671.0 596052.0 
875047.0 569190.0 
899778.0 571916.666667 
848795.0 574643.333333 
777724.0 577370.0 
731553.0 683577.0 
702512.0 776600.0 
813804.0 856458.0 
899429.0 750796.0 
1053866.0 684079.0 
1093556.0 671286.0 
1225765.0 695074.0 
1585958.0 834075.0 
1960012.0 980364.0 
1772339.0 1128303.0 
1161049.0 1135499.0 
669126.0 945785.0 
450219.0 680942.0 
385565.0 541854.0 
374012.0 530799.0 
362783.0 539638.0 
364168.0 571422.0 
372689.0 771959.0 
380403.0 1135867.0 
377469.0 1330592.0 
445596.0 1085413.0 
559371.0 711265.0 
558649.0 484343.0 
462775.0 396998.0 
381479.0 361346.0 
323457.0 353856.0 
319856.0 347944.0 
291343.0 308446.0 
309162.0 300554.0 
303360.0 337631.0 
303302.0 312612.0 
305511.0 328520.0 
303040.0 334746.0 
285337.0 343496.0 
325667.0 341203.0 
316260.0 323127.0 
315377.0 318908.0 
332049.0 344411.0 
321050.0 321137.0 
282839.0 347047.0 
288413.0 324892.0 
321029.0 324242.0 
341754.0 338181.0 
344682.0 370044.0 
385742.0 377197.0 
376074.0 357823.0 
340401.0 350572.0 
360103.0 356393.0 
357135.0 347185.0 
314438.0 319391.0 
305698.0 360540.0 
304040.0 339239.0 
338489.0 382090.0 
336623.0 404717.0 
390916.0 407415.0 
439864.0 454259.0 
457996.0 471374.0 
532923.0 469113.0 
648238.0 545190.0 
859776.0 634949.0 
1058666.0 734512.0 
1031765.0 870441.0 
767432.0 832185.0 
466973.0 599094.0 
356545.0 486459.0 
417804.0 467860.0 
522446.0 536670.0 
567965.0 615688.0 
506242.0 623137.0 
408370.0 501850.0 
356915.0 427126.0 
308083.0 402753.0 
330525.0 441971.0 
310490.0 433781.0 
329554.0 460070.0 
360790.0 436327.0 
381871.0 396356.0 
455287.0 478161.0 
713453.0 730122.0 
1229601.0 1359927.0 
1714189.0 2020261.0 
1698759.0 2244991.0 
1180953.0 1779509.0 
734987.0 1197683.0 
473920.0 715205.0 
356633.0 493415.0 
304949.0 383530.0 
293567.0 338692.0 
263284.0 319717.0 
260702.0 288782.0 
280317.0 287265.0 
287928.0 308679.0 
289484.0 288686.0 
270559.0 311383.0 
267390.0 284881.0 
264652.0 311494.0 
253585.0 311149.0 
251866.0 291667.0 
274188.0 311633.0 
274587.0 287684.0 
276688.0 268956.0 
258762.0 288689.0 
281169.0 262848.0 
270509.0 280383.0 
243796.0 264880.0 
240535.0 278994.0 
263052.0 322192.0 
244556.0 355758.0 
273091.0 350165.0 
274984.0 352970.0 
299259.0 359341.0 
308720.0 362808.0 
342439.0 417656.0 
347941.0 522919.0 
492435.0 864522.0 
669607.0 1111078.66667 
834917.0 1357635.33333 
1071670.0 1604192.0 
1508328.0 2303404.0 
1862062.0 2208839.0 
1595822.0 1604045.0 
1023745.0 986043.0 
611840.0 615190.0 
417131.0 427839.0 
334751.0 371877.0 
284401.0 318284.0 
286679.0 327250.0 
252478.0 293412.0 
252593.0 276999.0 
252770.0 269927.0 
281677.0 291586.0 
280163.0 260366.0 
253145.0 262073.0 
264830.0 256039.0 
260745.0 246497.0 
259510.0 254526.0 
241114.0 253516.0 
252669.0 251352.0 
253809.0 257512.0 
269762.0 280247.0 
240328.0 260564.0 
256709.0 276705.0 
251344.0 245305.0 
245979.0 271833.0 
235708.0 248171.0 
246149.0 256529.0 
269166.5 310960.0 
292184.0 331401.0 
349439.0 375756.0 
339042.0 372393.0 
336129.0 349898.0 
294368.0 305590.0 
269576.0 281809.0 
247257.0 268505.0 
297898.0 290859.0 
433736.0 313445.0 
504527.0 374555.0 
550486.0 458003.0 
697486.0 533163.0 
1013177.0 609514.0 
1144206.0 663722.0 
996390.0 714740.0 
773921.0 636167.0 
596198.0 547759.0 
492619.0 471529.0 
441244.0 411450.0 
403677.0 381080.0 
351236.0 326812.0 
317400.0 335259.0 
313043.0 294467.0 
294817.0 281901.0 
257474.0 291863.0 
276182.0 286248.0 
268085.0 254379.0 
260125.0 277281.0 
238057.0 257942.0 
242343.0 274126.0 
245461.0 271494.0 
232445.0 271335.0 
234494.0 254621.0 
235218.0 271996.0 
253267.0 261642.0 
245682.0 256328.0 
262554.0 261621.0 
242576.0 256843.0 
261679.0 277181.0 
255745.0 248820.0 
252556.0 249410.0 
251105.0 246429.0 
228788.0 256887.0 
244220.0 233931.0 
238534.0 236494.0 
232647.0 232491.0 
229999.0 234222.0 
231154.0 234037.0 
230823.0 240098.0 
211042.0 257503.0 
230462.0 255056.0 
217839.0 228435.0 
244848.0 227649.0 
237769.0 235674.0 
234275.0 225919.0 
242228.0 247669.0 
216698.0 233655.0 
224748.0 255393.0 
224324.0 241354.0 
240370.0 258890.0 
216023.0 231913.0 
210099.0 245378.0 
227861.0 232628.0 
207249.0 240408.0 
233451.0 241380.0 
234762.0 250731.0 
235147.0 264234.0 
234928.0 279480.0 
248593.0 287523.0 
266860.0 313793.0 
252924.0 346991.0 
280977.0 401560.0 
293471.0 395837.0 
362843.0 354675.0 
396117.0 330922.0 
398462.0 311848.0 
369197.0 332578.0 
387972.0 311621.0 
379017.0 345058.0 
371027.0 337513.0 
360672.0 379439.0 
354340.0 368164.0 
323962.0 378781.0 
362969.0 494193.0 
623030.0 843693.0 
905344.0 1080011.0 
975586.0 961559.0 
701694.0 660288.0 
456531.0 422935.0 
315271.0 285953.0 
268307.0 251134.0 
248272.0 253807.0 
236413.0 247719.0 
217204.0 243637.0 
229109.0 250427.0 
211992.0 240379.0 
218065.0 246657.0 
207499.0 252464.0 
228061.0 246308.0 
213469.0 253445.0 
232400.0 262410.0 
234597.0 287244.0 
237958.0 327690.0 
244750.0 315292.0 
252124.0 271713.0 
239153.0 251962.0 
228848.0 233159.0 
225231.0 230971.0 
212215.0 227600.0 
234820.0 246267.0 
219798.0 235388.0 
227568.0 235022.0 
209486.0 226188.0 
222491.0 233510.0 
199524.0 232477.0 
190818.0 231411.0 
194077.0 209654.0 
209999.0 222321.0 
194906.0 225406.0 
203976.0 211863.0 
207067.0 203214.0 
211115.0 202645.0 
207439.0 198954.0 
198367.0 203662.0 
214811.0 195995.0 
197853.0 216189.0 
216039.0 211473.0 
246525.0 256935.0 
402527.0 275345.0 
940668.0 290669.0 
1617840.0 290716.0 
1845303.0 290763.0 
1273536.0 290810.0 
613178.0 290857.0 
338327.0 254738.0 
306134.0 252344.0 
273941.0 265838.0 
252628.0 302716.0 
222339.0 272809.0 
215035.0 262335.0 
220636.0 232944.0 
224294.0 251485.0 
227952.0 249412.0 
284216.0 273836.0 
304279.0 314532.0 
314712.0 324773.0 
251506.0 287169.0 
245162.0 267398.0 
215060.0 224601.0 
219780.0 223976.0 
198740.0 210578.0 
212342.0 229531.0 
213992.0 230920.0 
195722.0 232908.0 
202861.0 242868.0 
212806.0 225098.0 
228373.0 229804.0 
220457.0 236694.0 
238520.0 252728.0 
232559.0 252491.0 
232481.0 240227.0 
265633.0 221738.0 
509074.0 312387.0 
1218043.0 590008.0 
1893919.0 892996.0 
1794784.0 897952.5 
1095547.0 902909.0 
614429.0 632068.0 
409441.0 428417.0 
351266.0 332470.0 
382426.0 286510.0 
434151.0 284806.0 
518925.0 303722.0 
564750.0 339972.0 
527066.0 320161.0 
466092.0 337631.0 
398147.0 322651.0 
343674.0 325312.0 
323120.0 324839.0 
301483.0 342512.0 
282078.0 335459.0 
257472.0 321370.0 
242170.0 308694.0 
269440.0 334478.0 
487864.0 563314.0 
1502349.0 1852075.0 
4965189.0 6016839.0 
11541459.0 13482320.0 
20237331.0 23722047.0 
28994197.0 31890364.0 
34980697.0 39076557.0 
40044196.0 46428680.0 
42989522.0 48315075.0 
45379865.0 35834995.0 
45644894.0 9863446.0 
30545607.0 3747328.0 
3572726.0 2542906.0 
923956.0 1809240.0 
606885.0 1308515.0 
435640.0 959149.0 
380393.0 720958.0 
323804.0 560971.0 
300150.0 416224.0 
284755.0 356577.0 
265311.0 304225.0 
250676.0 280547.0 
249568.0 267461.0 
256657.0 254555.0 
253319.0 260302.0 
251360.0 239140.0 
233758.0 246412.0 
232131.0 242523.0 
234541.0 252553.0 
239668.0 224657.0 
234192.0 235387.0 
214515.0 237309.0 
220916.0 235804.0 
231001.0 230612.0 
223520.0 217266.0 
234786.0 238076.0 
232036.0 233935.0 
233563.0 227546.0 
251889.0 232471.0 
242462.0 253537.0 
253651.0 254514.0 
265924.0 250338.0 
284853.0 281383.0 
368852.0 273725.0 
441692.0 297015.0 
539861.0 314226.0 
660205.0 374821.0 
661851.0 394575.0 
590506.0 412493.0 
699914.0 498229.0 
1066310.0 705168.0 
1148857.0 722799.0 
820703.0 530539.0 
478291.0 343596.0 
366902.0 294927.0 
322241.0 276314.0 
334155.0 262164.0 
367990.0 285802.0 
405196.0 306852.0 
440326.0 339004.0 
414351.0 338338.0 
336522.0 308995.0 
264589.0 283237.0 
219182.0 251290.0 
231969.0 256472.0 
229607.0 238577.0 
258420.0 264413.0 
267928.0 280952.0 
335003.0 346889.0 
461306.0 444447.0 
747351.0 518178.0 
1207861.0 635874.0 
1811463.0 832220.0 
2728971.0 1181345.0 
3304101.0 1360248.0 
2667437.0 1097881.0 
1394845.0 630558.0 
541071.0 348936.0 
316001.0 291265.0 
283113.0 282982.0 
268385.0 269864.0 
246872.0 231738.0 
231603.0 230705.0 
222184.0 219442.0 
212675.0 205024.0 
217361.0 222961.0 
226621.0 219445.0 
305620.0 269011.0 
349843.0 271631.0 
321089.0 277989.0 
281163.0 251214.0 
261082.0 224533.0 
244760.0 217970.0 
224190.0 216197.0 
224077.0 217902.0 
221799.0 210805.0 
201465.0 211488.0 
207370.0 215421.0 
194016.0 216673.0 
206325.0 226085.0 
195256.0 201686.0 
199041.0 192335.0 
183509.0 187290.0 
184556.0 184707.0 
188232.0 180904.0 
205333.0 184184.0 
198629.0 194245.0 
207476.0 190675.0 
242916.0 219225.0 
246543.0 211734.0 
244697.0 232437.0 
241584.0 232418.0 
227127.0 215741.0 
229383.5 218669.0 
231640.0 232983.0 
243703.0 220610.0 
303283.0 209534.0 
322966.0 221517.0 
342527.0 230346.0 
278213.0 239074.0 
220991.0 231171.0 
206738.0 196710.0 
200344.0 209186.0 
204531.0 221700.0 
223540.0 265318.0 
282237.0 330978.0 
346621.0 352980.0 
363115.0 340530.0 
318923.0 305520.0 
263673.0 254978.0 
218549.0 239066.0 
190671.0 230978.0 
200202.0 210566.0 
234020.0 211793.0 
234390.0 206982.0 
248733.0 209513.0 
253721.0 215307.0 
267238.0 231209.0 
289540.0 229063.0 
276034.0 238380.0 
248102.0 229399.0 
211014.0 217468.0 
198482.0 192957.0 
205968.0 196228.0 
202520.0 182225.0 
184782.0 186539.0 
197394.0 196170.0 
198378.0 188109.0 
178230.0 177532.0 
204321.0 177865.0 
191016.0 195426.0 
189661.0 202466.0 
193465.0 184296.0 
187078.0 190694.0 
212206.0 183557.0 
253267.0 191199.0 
304568.0 209502.0 
321045.0 217604.0 
272977.0 218828.0 
241083.0 211642.0 
203101.0 200629.0 
199941.0 200940.0 
180091.0 177107.0 
188997.0 188544.0 
178718.0 175007.0 
181997.0 197096.0 
222150.0 255162.0 
305322.0 277539.0 
440627.0 299258.0 
547611.0 298578.0 
548838.0 291483.0 
585904.0 290691.0 
642251.0 321697.0 
721536.0 353526.0 
677996.0 360406.0 
546579.0 316601.0 
440675.0 315368.0 
370138.0 377101.0 
311458.0 393363.0 
262510.0 339402.0 
236476.0 274089.0 
258430.0 241271.0 
282487.0 219770.0 
260564.0 201842.0 
231709.0 188307.0 
202504.0 197443.0 
180517.0 191074.0 
197421.0 189886.0 
190690.0 183641.0 
174330.0 179578.0 
185998.0 191985.0 
187763.0 174700.0 
198407.0 183998.0 
204830.0 167266.0 
216223.0 169777.0 
208873.0 182135.0 
205775.0 181618.0 
211956.0 157153.0 
229082.0 159931.0 
255069.0 180672.0 
257834.0 188027.0 
243948.0 179940.0 
222718.0 195934.0 
207907.0 180134.0 
191973.0 186035.0 
191769.0 179315.0 
207554.0 180714.0 
188646.0 179868.0 
192687.0 178742.0 
174502.0 175281.0 
170901.0 172717.0 
169274.0 186161.0 
177682.0 181672.0 
195689.0 207553.0 
224998.0 208832.0 
257498.0 210584.0 
280842.0 219954.0 
316795.0 216435.0 
415119.0 252274.0 
583023.0 286706.0 
676055.0 310096.0 
517285.0 282382.0 
312392.0 237105.0 
195873.0 200965.0 
174950.0 179296.0 
165967.0 164166.0 
157330.0 163285.0 
171484.0 160015.0 
162474.0 160675.0 
173516.0 174247.0 
171506.0 161166.0 
186038.0 173994.0 
183757.0 160101.0 
195721.0 159789.0 
203557.0 170376.0 
185251.0 162705.0 
182058.0 164301.0 
188230.0 176948.0 
179987.0 187763.0 
184534.0 206530.0 
177717.0 203836.0 
169994.0 171723.0 
182765.0 181270.0 
183952.0 175327.0 
177481.0 160816.0 
182839.0 161873.0 
185798.0 165881.0 
169452.0 164481.0 
173381.0 172717.0 
192583.0 163234.0 
203088.0 159263.0 
213201.0 165432.0 
202715.0 177129.0 
180780.0 163989.0 
182108.0 167905.0 
160540.0 152659.0 
166627.0 166141.0 
164052.0 164023.0 
170832.0 156340.0 
176609.0 159709.0 
175022.0 167031.0 
180330.0 196723.0 
171503.0 198097.0 
176501.0 174026.0 
151412.0 164636.0 
153647.0 168973.0 
167497.0 153714.0 
181334.0 159422.0 
193159.0 153469.0 
194529.0 154152.0 
211948.0 146381.0 
221186.0 160501.0 
193083.0 160833.0 
175472.0 166790.0 
176411.0 167881.0 
171313.0 163422.0 
171725.0 173897.0 
181330.0 167676.0 
176887.0 164828.0 
179347.0 159687.0 
184024.0 173816.0 
205964.0 169118.0 
216555.0 162577.0 
246832.0 167897.0 
255963.0 200148.0 
268933.0 204436.0 
267256.0 222786.0 
265473.0 228766.0 
253934.0 240240.0 
249866.0 214021.0 
210090.0 201084.0 
199408.0 199028.0 
219200.0 214656.0 
317503.0 262483.0 
538111.0 335489.0 
717531.0 361925.0 
694243.0 344945.0 
499292.0 309146.0 
375022.0 257629.0 
359818.0 223475.0 
344596.0 225780.0 
345101.0 254702.0 
322017.0 239327.0 
292646.0 229777.0 
247590.0 227851.0 
235779.0 220729.0 
226981.0 208065.0 
197850.0 192162.0 
191279.0 184132.0 
179563.0 175566.0 
182487.0 175584.0 
176546.0 167098.0 
165409.0 165153.0 
174598.0 173524.0 
160456.0 168240.0 
168714.0 161197.0 
158088.0 163402.0 
158704.0 159733.0 
156721.0 165236.0 
180404.0 171989.0 
183238.0 158105.0 
176930.0 158867.0 
184639.0 164090.0 
187839.0 167391.0 
185783.0 156494.0 
171942.0 153422.0 
177486.0 152589.0 
183792.0 166523.0 
174394.0 159779.0 
178495.5 176383.0 
182597.0 163770.0 
189564.0 168641.0 
169353.0 166729.0 
160872.0 150103.0 
165911.0 147263.0 
161644.0 155579.0 
159608.0 146277.0 
165524.0 153483.0 
168258.0 141117.0 
163767.0 143194.0 
153693.0 141217.0 
154479.0 155484.0 
165506.0 152345.0 
166323.0 175985.0 
199603.0 203076.0 
266571.0 266329.0 
363400.0 395182.0 
431169.0 457299.0 
356184.0 412957.0 
248974.0 283975.0 
184887.0 211829.0 
178986.0 188526.0 
207693.0 185678.0 
215779.0 175199.0 
209140.0 163694.0 
193997.0 152702.0 
179200.0 158075.0 
162906.0 151683.0 
159268.0 150416.0 
171611.0 153365.0 
178371.0 158892.0 
178026.0 166807.0 
169962.0 181671.0 
163708.0 183755.0 
166746.0 170346.0 
179785.0 164487.0 
179145.0 168520.0 
183455.0 156883.0 
165438.0 161144.0 
163840.0 164044.0 
154369.0 164245.0 
165018.0 152900.0 
164825.0 144345.0 
170905.0 149043.0 
174034.0 152302.0 
186216.0 159694.0 
191478.0 164666.0 
214714.0 163570.0 
223098.0 164904.0 
262643.0 189692.0 
265863.0 185560.0 
243176.0 194679.0 
246251.0 205523.0 
283322.0 253006.0 
357774.0 278634.0 
413285.0 286208.0 
467173.0 279206.0 
485965.0 299682.0 
480517.0 320155.0 
411570.0 320010.0 
345091.0 289135.0 
281683.0 249859.0 
236698.0 210947.0 
215152.0 192693.0 
197581.0 174490.0 
176981.0 174224.0 
182178.0 172158.0 
177942.0 171127.0 
170545.0 158341.0 
168005.0 167631.0 
165465.0 149592.0 
167227.0 145182.0 
167401.0 137316.0 
172271.0 148970.0 
198936.0 145779.0 
351554.0 156068.0 
597883.0 209370.0 
806361.0 288949.0 
750801.0 308827.0 
483179.0 271965.0 
294594.0 215652.0 
263073.0 197055.0 
380667.0 207347.0 
617534.0 206086.0 
799854.0 209885.0 
726123.0 201693.5 
496008.0 193502.0 
295245.0 173645.0 
208909.0 159971.0 
188165.0 155693.0 
184777.0 146616.0 
173030.0 156030.0 
173489.0 147728.0 
168610.0 160860.0 
196284.0 148642.0 
251290.0 158813.0 
292149.0 154226.0 
285551.0 138621.0 
265636.0 140610.0 
247462.0 148223.0 
243994.0 153244.0 
256994.0 151697.0 
270590.0 154754.0 
280928.0 159382.0 
264351.0 176036.0 
237075.0 180860.0 
232553.0 170858.0 
251346.0 170562.0 
300412.0 178743.0 
391867.0 192772.0 
495234.0 213005.0 
547140.0 232205.0 
478086.0 214880.0 
356894.0 212402.0 
267831.0 203125.0 
231885.0 214902.0 
221725.0 198349.0 
221444.0 187994.0 
233478.0 174869.0 
236786.0 174233.0 
231213.0 181259.0 
243124.0 187047.0 
239504.0 210028.0 
239232.0 214326.0 
227288.0 209262.0 
222701.0 209527.0 
227305.0 248502.0 
246748.0 257876.0 
283560.0 296134.0 
383110.0 323438.0 
510021.0 340751.0 
682724.0 350265.0 
834433.0 359603.0 
987194.0 342242.0 
1073456.0 352362.0 
1014622.0 460532.0 
915083.0 877936.0 
1277658.0 1705693.0 
2526022.0 2810458.0 
4760889.0 3714603.0 
7759714.0 3787080.0 
11835783.0 3005243.0 
14988264.0 2101138.0 
14385770.0 1448963.0 
7353290.0 1073145.0 
2763786.0 841362.0 
1398014.0 699269.0 
879093.0 565907.0 
607560.0 465462.0 
499769.0 394537.0 
419386.0 348764.0 
401651.0 340695.0 
426634.0 353885.0 
447882.0 385949.0 
426940.0 401572.0 
364500.0 345072.0 
324881.0 286691.0 
322330.5 237723.0 
319780.0 225675.0 
382700.0 231896.0 
475807.0 288506.0 
611880.0 352857.0 
753764.0 417838.0 
860771.0 420942.0 
902177.0 434969.0 
900039.0 397591.0 
853806.0 371265.0 
763647.0 321991.0 
660335.0 293034.0 
595703.0 282158.0 
582084.0 284931.0 
632694.0 295046.0 
705604.0 278124.0 
734317.0 283109.0 
658014.0 296126.0 
582625.0 315200.0 
523956.0 295038.0 
490591.0 274069.0 
463218.0 256580.0 
443299.0 257294.0 
429686.0 240069.0 
437356.0 252040.0 
419292.0 233568.0 
403476.0 232098.0 
395271.0 232908.0 
407629.0 238713.0 
413448.0 235381.0 
406036.0 253824.0 
386956.0 240110.0 
374976.0 221300.0 
356566.0 211070.0 
352306.0 205133.0 
322160.0 204184.0 
314408.0 189136.0 
294701.0 206520.0 
298497.0 213658.0 
291437.0 257128.0 
311848.0 336493.0 
338165.0 367139.0 
408025.0 354297.0 
426044.0 348470.0 
406201.0 312053.0 
342542.0 278997.0 
296067.0 255472.0 
269446.0 237018.0 
253778.0 215753.0 
235337.0 198610.0 
244995.0 194788.0 
247784.0 187393.0 
246826.0 190017.0 
254508.0 182047.0 
253900.0 178857.0 
246788.0 189856.0 
239324.0 178326.0 
225982.0 179601.0 
223940.0 184495.0 
244729.0 201492.0 
257087.0 231431.0 
292667.0 231903.0 
306258.0 231950.0 
275384.0 207414.0 
246717.0 205260.0 
224277.0 204812.0 
229824.0 204339.0 
239942.0 218076.0 
284674.0 221593.0 
475578.0 244213.0 
891494.0 338169.0 
1389758.0 487226.0 
1499029.0 551568.0 
1011801.0 462081.0 
519765.0 306334.0 
284469.0 225039.0 
217332.0 200430.0 
211391.0 181384.0 
197124.0 178470.0 
199740.0 171379.0 
210305.0 172472.0 
198720.0 174408.0 
200738.0 166228.0 
202170.0 161105.0 
200677.0 169186.0 
186291.0 166408.0 
207970.0 175768.0 
226783.0 200810.0 
258904.0 216578.0 
255036.0 205565.0 
243716.0 181913.0 
222160.0 172292.0 
210950.0 180430.0 
211548.0 169663.0 
205720.0 177517.0 
196928.0 163060.0 
202796.0 167950.0 
199543.0 169674.0 
205242.0 160100.0 
210405.0 165335.0 
204291.0 163476.0 
206295.0 175954.0 
197581.0 178591.0 
215955.0 188124.0 
205115.0 185833.0 
196178.0 191066.0 
210457.0 185854.0 
206450.0 183268.0 
205279.0 199936.0 
199771.0 191604.0 
215121.0 174845.0 
227020.0 180447.0 
233153.0 164568.0 
238127.0 160426.0 
211424.0 166281.0 
216745.0 163743.0 
224110.0 166278.0 
256438.0 177582.0 
324354.0 191137.0 
365135.0 200033.0 
356946.0 206922.0 
332712.0 204494.0 
311828.0 202329.0 
302411.0 198513.0 
289061.0 196468.0 
276698.0 187055.0 
272211.0 188590.0 
246477.0 178278.0 
243778.0 173141.0 
238006.0 167544.0 
239292.0 183365.0 
233298.0 187171.0 
225569.0 184002.0 
219115.0 179217.0 
211553.0 161819.0 
220066.0 161558.0 
225645.0 168337.0 
223348.0 182858.0 
226382.0 176105.0 
212013.0 175112.0 
222337.0 171656.0 
224602.0 176776.0 
247999.0 212446.0 
323345.0 249204.0 
506179.0 291449.0 
853057.0 341057.0 
1377355.0 377498.0 
1735126.0 385972.0 
1546472.0 364268.5 
901062.0 342565.0 
430691.0 255220.0 
269540.0 185259.0 
213992.0 158759.0 
197692.0 163313.0 
189164.0 161505.0 
197196.0 156538.0 
187271.0 152994.0 
188276.0 160715.0 
185060.0 165185.0 
202503.0 174781.0 
249144.0 198704.0 
375575.0 251628.0 
518337.0 285747.0 
603456.0 286085.0 
606877.0 237365.0 
603578.0 211998.0 
604899.0 195088.0 
513792.0 207921.0 
389544.0 211160.0 
289886.0 185171.0 
262909.0 185693.0 
230169.0 181515.0 
225157.0 187792.0 
235326.0 168566.0 
245495.0 149312.0 
281619.0 144386.0 
315381.0 178395.0 
297780.0 222622.0 
252821.0 271863.0 
209211.0 273196.0 
193719.0 220272.0 
178107.0 170547.0 
174897.0 150085.0 
175370.0 136308.0 
175896.0 138256.0 
180927.0 130335.0 
175240.0 130650.0 
166425.0 133215.0 
170442.0 130273.0 
173245.0 141856.0 
181193.0 136033.0 
204409.0 158038.0 
225929.0 152289.0 
219672.0 158117.0 
224194.0 166458.0 
226915.0 167062.0 
216144.0 152485.0 
211099.0 130890.0 
179206.0 138491.0 
169097.0 134302.0 
161331.0 123348.0 
164754.0 133913.0 
160219.0 130434.0 
164651.0 128752.0 
176758.0 132660.0 
175282.0 137580.0 
175438.0 148499.0 
182140.0 158870.0 
193471.0 156076.0 
193387.0 150834.0 
195709.0 145019.0 
184724.0 141587.0 
184455.0 148390.0 
199089.0 143612.0 
193630.0 145458.0 
201491.0 141570.0 
237011.0 141456.0 
289505.0 160127.0 
349388.0 175598.0 
381161.0 196324.0 
332702.0 178243.0 
279970.0 159592.0 
240316.0 137807.0 
213590.0 135575.0 
200722.0 126221.0 
215507.0 135316.0 
245301.0 148971.0 
316915.0 143629.0 
400413.0 148932.0 
464893.0 140438.0 
442557.0 143293.0 
369210.0 138633.0 
269934.0 129898.0 
206269.0 137764.0 
189923.0 156872.0 
195669.0 184499.0 
201648.0 194148.0 
182616.0 174168.0 
183321.0 175549.0 
181809.0 157038.0 
167187.0 152456.0 
151234.0 140570.0 
147093.0 131872.0 
143520.0 132399.0 
139947.0 127939.0 
142658.0 137071.0 
146563.0 132538.0 
160594.0 136310.0 
165148.0 134621.0 
166097.0 136159.0 
170974.0 144289.0 
166379.0 143712.0 
159791.0 143390.0 
177119.0 132379.0 
189460.0 138988.0 
186547.0 123834.0 
174552.0 119247.0 
162261.0 123165.0 
147606.0 117410.0 
154549.0 123805.0 
154407.0 121384.0 
154766.0 118131.0 
159268.0 120144.0 
159209.0 134407.0 
143341.0 116860.0 
155330.0 121669.0 
158257.0 122250.0 
163299.0 122436.0 
175968.0 122641.0 
154838.0 123055.0 
156471.0 120951.0 
154845.0 123250.0 
152189.0 124810.0 
158082.0 121308.0 
165604.0 129980.0 
163719.0 131212.0 
157335.0 131753.0 
161966.0 133118.0 
150561.0 134387.0 
156017.0 132783.0 
172170.0 138339.0 
192874.0 135228.0 
202916.0 125603.0 
200130.0 121278.0 
176283.0 125838.0 
172588.0 150050.0 
195777.0 152934.0 
195790.0 152731.0 
183914.0 142629.0 
159607.0 135395.0 
149417.0 126409.0 
151480.0 127038.0 
146516.0 143298.0 
144547.0 154153.0 
146440.0 146430.0 
138706.0 130470.0 
152749.0 120008.0 
177602.0 117532.0 
219815.0 114748.0 
220646.0 121900.0 
199724.0 124702.0 
159438.0 128801.0 
152246.0 136296.0 
163964.0 127053.0 
166373.0 133770.0 
208930.0 140407.0 
329238.0 168654.0 
500787.0 171643.0 
521573.0 163174.0 
386051.0 135495.0 
233906.0 129859.0 
163748.0 120265.0 
145075.0 115664.0 
136576.0 123461.0 
137170.0 124201.0 
165991.0 139827.0 
188411.0 137832.0 
234620.0 130304.0 
288514.0 149355.0 
315489.0 193671.0 
261594.0 232209.0 
190809.0 241092.0 
145722.0 237807.0 
153306.0 237077.0 
154342.0 201570.0 
150527.0 166114.0 
143902.0 147795.0 
132707.0 133567.0 
139394.0 116426.0 
140837.0 130565.0 
148946.0 142936.0 
159642.0 158597.0 
201914.0 165741.0 
232346.0 164547.5 
230254.0 163354.0 
193499.0 138198.0 
152150.0 123349.0 
157575.0 136873.0 
169207.0 155626.0 
184554.0 181618.0 
186805.0 188643.0 
175968.0 171913.0 
172139.0 142586.0 
154270.0 123531.0 
162289.0 130966.0 
168076.0 128187.0 
170343.0 138414.0 
180399.0 132989.0 
171609.0 127619.0 
152777.0 124751.0 
148006.0 124383.0 
156024.0 125042.0 
160078.0 137467.0 
169944.0 142693.0 
175921.0 141698.0 
191877.0 144523.0 
241354.0 148269.0 
313587.0 182026.0 
380109.0 230900.0 
329402.0 290880.0 
267847.0 340275.0 
295414.0 538771.0 
496907.0 866866.0 
1025989.0 1158212.0 
1686798.0 1206999.0 
2053036.0 1035361.0 
1974270.0 846239.0 
1601667.0 637845.0 
1118885.0 469575.0 
718109.0 343743.0 
472448.0 261261.0 
354187.0 213357.0 
414563.0 185520.0 
719446.0 182784.0 
937416.5 176230.0 
1155387.0 174891.0 
1356030.0 180300.0 
1088332.0 224736.0 
694980.0 289937.0 
471110.0 361427.0 
407953.0 406016.0 
412890.0 387413.0 
394507.0 328434.0 
328383.0 278569.0 
259090.0 238692.0 
223365.0 199581.0 
215322.0 180426.0 
213483.0 170037.0 
218945.0 165232.0 
235217.0 166590.0 
225121.0 166967.0 
231950.0 170948.0 
247402.0 179251.0 
274014.0 197228.0 
296559.0 237313.0 
280777.0 223546.0 
260083.0 210433.0 
248039.0 181963.0 
268023.0 177111.0 
306307.0 169522.0 
350826.0 185250.0 
387731.0 188162.5 
354760.0 191075.0 
299660.0 183236.0 
232714.0 166681.0 
200937.0 155469.0 
180020.0 136267.0 
178773.0 141826.0 
183290.0 133746.0 
201128.0 134977.0 
216357.0 143597.0 
224102.0 148663.0 
225257.0 148656.0 
221258.0 171551.0 
259491.0 205216.0 
314940.0 222565.0 
320090.0 208107.0 
272243.0 171419.0 
222888.0 151705.0 
193441.0 136940.0 
184329.0 127755.0 
172968.0 142291.0 
194982.0 158607.0 
251910.0 208323.0 
389404.0 284598.0 
616604.0 307190.0 
737432.0 258016.0 
642892.0 220890.0 
447079.0 190786.0 
297538.0 180374.0 
223666.0 164961.0 
209928.0 157290.0 
214804.0 153674.0 
218799.0 145150.0 
209447.0 138822.0 
193434.0 134524.0 
191650.0 134034.0 
185996.0 126660.0 
183397.0 129027.0 
195923.0 126483.0 
198489.0 133217.0 
254270.0 129203.0 
400320.0 125152.0 
625887.0 127876.0 
710811.0 129773.5 
553071.0 131671.0 
399040.0 130878.0 
324025.0 134365.0 
309608.0 128566.0 
315487.0 123369.0 
342754.0 129372.0 
340786.0 135598.0 
354554.0 147776.0 
363804.0 159617.0 
388693.0 177635.0 
411424.0 225121.0 
529023.0 286419.0 
892901.0 347392.0 
1670374.0 372974.0 
2906052.0 344615.0 
3607460.0 297049.0 
3264356.0 272095.0 
2285480.0 290542.0 
1557848.0 369821.0 
1163097.0 462721.0 
696878.0 445374.0 
403008.0 317360.0 
282145.0 212968.0 
266988.0 165708.0 
269735.0 154062.0 
278512.0 159539.0 
277354.0 158521.0 
282016.0 159852.0 
289660.0 163171.0 
305411.0 177131.0 
296954.0 183221.0 
306113.0 179459.0 
323401.0 176339.0 
304694.0 186627.0 
265919.0 185161.0 
248279.0 163672.0 
226399.0 171468.0 
223545.0 164254.0 
210270.0 151483.0 
189105.0 153436.0 
178374.0 150909.0 
175467.0 148086.0 
166830.0 149639.0 
169958.0 145247.0 
172600.0 142127.0 
182371.0 142390.0 
219330.0 147270.0 
242341.0 165339.0 
255800.0 159875.0 
259048.0 161594.0 
249238.0 160669.0 
291469.0 159846.0 
508111.0 169753.0 
919051.0 251020.0 
1360972.0 414513.0 
1603982.0 657524.0 
1659017.0 803089.0 
1356742.0 725182.0 
758835.0 494004.0 
343551.0 265056.0 
203954.0 164351.0 
192946.0 143199.0 
190307.0 157821.0 
186170.0 166023.0 
194916.0 177664.0 
193397.0 168662.0 
201697.0 170929.0 
222039.0 148799.0 
243073.0 148792.0 
277732.0 148946.0 
312155.0 207324.0 
407566.0 329229.0 
655110.0 527159.0 
991236.0 648522.0 
1151151.0 649457.0 
973890.0 528132.0 
661666.0 440034.0 
426066.0 377995.0 
311969.0 297886.0 
266001.0 223905.0 
241961.0 182803.0 
239961.0 193990.0 
223042.0 185844.0 
222940.0 175809.0 
217461.0 160102.0 
212829.0 141219.0 
215271.0 149794.0 
337433.0 156251.0 
851383.0 213403.0 
2030720.0 427026.0 
3115315.0 733435.0 
3100526.0 916074.0 
2064893.0 769408.0 
1072564.0 457953.0 
741227.0 288763.0 
716929.0 238823.0 
653053.0 222742.0 
523646.0 207647.0 
407725.0 195270.0 
371930.0 196840.0 
432943.0 196931.0 
696462.0 249804.0 
1277158.0 381724.0 
1946125.0 599979.0 
2123731.0 688797.0 
1575094.0 563552.0 
742742.0 370715.0 
356575.0 261440.0 
244162.0 233409.0 
231535.0 208240.0 
243416.0 179803.0 
260496.0 167423.0 
267389.0 160099.0 
253417.0 152275.0 
251068.0 141458.0 
289024.0 166090.0 
394061.0 193571.0 
465692.0 233167.0 
401463.0 226163.0 
297419.0 195336.0 
219672.0 169361.0 
209344.0 149456.0 
235314.0 149941.0 
303143.0 189378.0 
519699.0 308462.0 
1088447.0 540495.0 
2158921.0 951764.0 
3920563.0 1500950.0 
5425019.0 1884497.0 
5266857.0 1723026.0 
2770923.0 1068475.0 
1103328.0 512862.0 
497803.0 282109.0 
335192.0 217848.0 
278186.0 201483.0 
267529.0 196755.0 
274804.0 197463.0 
310612.0 189120.0 
347036.0 179218.0 
338638.0 177737.0 
294324.0 169563.0 
254480.0 166255.0 
281725.0 165225.0 
384419.0 168146.0 
606563.0 172107.0 
766973.0 160624.0 
664070.0 163845.0 
441418.0 150045.0 
307383.0 145174.0 
271232.0 137464.0 
336990.0 145289.0 
471235.0 147767.0 
587366.0 152140.0 
566258.0 158756.0 
469395.0 180544.0 
584642.0 236340.0 
865091.0 350686.0 
1081561.0 410127.0 
965108.0 394262.0 
594579.0 309067.0 
331043.0 223334.0 
239163.0 168927.0 
204715.0 155469.0 
211166.0 145839.0 
220975.0 151231.0 
261532.0 159282.0 
346103.0 154737.0 
403933.0 150052.0 
435760.0 169777.0 
684527.0 174021.0 
1966669.0 176244.0 
5044943.0 160708.0 
9305803.0 165133.0 
10975275.0 263943.0 
9120551.0 640277.0 
7371666.0 1380813.0 
7347827.0 1961379.0 
6792539.0 1809474.0 
4486867.0 1123184.0 
2029271.0 590323.0 
852281.0 356450.0 
523153.0 283486.0 
537709.0 266111.0 
1033822.0 361693.0 
3090440.0 789390.0 
8244983.0 1819085.0 
18312035.0 3548793.0 
31855242.0 5076959.0 
44274906.0 4894415.0 
49496518.0 3047364.0 
37029739.0 1389652.0 
10700990.0 523363.0 
1867152.0 288228.0 
1022789.0 237345.0 
847096.0 223739.0 
636695.0 200754.0 
462226.0 172006.0 
369686.0 155952.0 
329439.0 168050.0 
291988.0 165899.0 
263691.0 151134.0 
245939.0 154155.0 
230512.0 151655.0 
224434.0 152607.0 
219743.0 145562.0 
218774.0 141395.0 
209406.0 138453.0 
201168.0 132984.0 
192483.0 132138.0 
193988.0 135848.0 
199319.0 142884.0 
220646.0 155267.0 
242969.0 168189.0 
278543.0 158109.0 
263978.0 142029.0 
224162.0 129498.0 
196866.0 127677.0 
186261.0 121798.0 
184798.0 119621.0 
184400.0 119265.0 
186707.0 117544.0 
197315.0 117234.0 
187658.0 114336.0 
181590.0 114856.0 
189676.0 108026.0 
191840.0 115777.0 
193913.0 117276.0 
197717.0 114602.0 
189771.0 121092.0 
241385.0 130933.0 
391746.0 168527.0 
628228.0 262963.0 
755324.0 330165.0 
723964.0 305974.0 
648033.0 217429.0 
641342.0 154340.0 
599070.0 122600.0 
457593.0 126058.0 
336642.0 107754.0 
236831.0 107468.0 
204962.0 110676.0 
194179.0 116973.0 
188466.0 107527.0 
180208.0 104349.0 
188224.0 112997.0 
195259.0 120800.0 
187663.0 130745.0 
178976.0 139367.0 
162723.0 133928.0 
161830.0 132623.0 
170763.0 128175.0 
184054.0 124089.0 
193069.0 121648.0 
199220.0 121931.0 
210867.0 126631.0 
203559.0 132802.0 
202722.0 133121.0 
189442.0 131379.0 
186585.0 119879.0 
176161.0 121237.0 
161047.0 128443.0 
154130.0 120758.0 
153980.0 121858.0 
161667.0 119111.0 
186152.0 120165.0 
214611.0 117466.0 
239681.0 123477.0 
236547.0 121474.0 
214960.0 122930.0 
228606.0 119673.0 
254791.0 116015.0 
259429.0 128551.0 
235504.0 133412.0 
220056.0 138815.0 
241489.0 144083.0 
323657.0 133483.0 
398868.0 128977.0 
412488.0 136832.0 
341200.0 145886.0 
264564.0 169984.0 
230231.0 176272.0 
226057.0 168111.0 
234489.0 147350.0 
213072.0 124411.0 
203037.0 115381.0 
192185.0 112746.0 
174225.0 105547.0 
168546.0 112124.0 
165525.0 102866.0 
182275.0 107519.0 
171817.0 107640.0 
173589.0 100231.0 
180902.0 100182.0 
172623.0 107381.0 
169503.0 104379.0 
161607.0 111680.0 
163389.0 105260.0 
153836.0 104515.0 
164152.0 107352.0 
176487.0 104547.0 
182439.0 100802.0 
181070.0 104034.0 
173871.0 101012.0 
166035.0 98876.0 
168990.0 109751.0 
178788.0 118968.0 
256977.0 147335.0 
449302.0 311922.0 
894832.0 947291.0 
1796937.0 2447987.0 
3187634.0 4375109.0 
4093250.0 5510050.0 
3944643.0 5065916.0 
2497061.0 3230534.0 
1108295.0 1522252.0 
411119.0 606247.0 
210871.0 232767.0 
172389.0 140592.0 
167538.0 135580.0 
164677.0 155925.0 
172950.0 201047.0 
189352.0 239918.0 
187796.5 258398.0 
186241.0 247295.0 
179839.5 227560.0 
173438.0 214329.0 
155880.0 179785.0 
146242.0 169132.0 
139132.0 154975.0 
132873.0 157155.0 
145284.0 143456.0 
147277.0 139575.0 
137887.0 118139.0 
141536.0 113975.0 
128572.0 107981.0 
133001.0 114990.0 
127935.0 112967.0 
137009.0 110492.0 
130819.0 107212.0 
140194.0 110119.0 
134163.0 118093.0 
145755.0 116537.0 
142336.0 116965.0 
146632.0 119509.0 
148683.0 125180.0 
164539.0 144603.0 
199771.0 155307.0 
219989.0 162077.0 
223933.0 163868.0 
198934.0 152976.0 
176276.0 140110.0 
157718.0 131006.0 
145522.0 118998.0 
150067.0 108765.0 
142408.0 108628.0 
147373.0 104711.0 
150185.0 107582.0 
143500.0 101268.0 
143374.0 100367.0 
139090.0 99684.0 
138127.0 95086.0 
141068.0 100099.0 
146702.0 93889.0 
167064.0 100377.0 
167781.0 100350.0 
160402.0 103168.0 
144819.0 104990.0 
158027.0 105105.0 
188375.0 100068.0 
197036.0 99971.0 
198449.0 102730.0 
173916.0 103259.0 
158594.0 109218.0 
144537.0 115408.0 
134293.0 114053.0 
137419.0 109491.0 
131298.0 107062.0 
132823.0 109471.0 
139846.0 110135.0 
142035.0 102242.0 
153480.0 101689.0 
185934.0 99872.0 
244702.0 100506.0 
326911.0 102025.0 
392716.0 99091.0 
340940.0 101340.0 
254346.0 105956.0 
186642.0 108293.0 
160320.0 114699.0 
163344.0 116058.0 
173054.0 128610.0 
171520.0 147153.0 
150892.0 170586.0 
141283.0 181335.0 
135076.0 173556.0 
135577.0 172953.0 
163749.0 250018.0 
330782.0 619422.0 
1006934.0 1423187.0 
2646387.0 2370097.0 
5511008.0 2915818.0 
8258961.0 2667226.0 
7726310.0 2108779.0 
4639602.0 1426127.0 
1795324.0 903319.0 
559146.0 524625.0 
394161.5 303124.0 
229177.0 180339.0 
186924.0 132191.0 
174460.0 113043.0 
172598.0 103039.0 
153958.0 105815.0 
153864.0 103760.0 
141203.0 100679.0 
138657.0 104296.0 
142883.0 107840.0 
163292.0 110171.0 
185933.0 116425.0 
197993.0 111389.0 
196221.0 109847.0 
168163.0 109781.0 
150866.0 98143.0 
150167.8 96255.0 
149469.6 92604.0 
148771.4 101504.0 
148073.2 98590.0 
147375.0 92920.0 
154263.0 99197.0 
161151.0 97202.0 
168039.0 105133.0 
174927.0 109538.0 
221143.0 120629.0 
238968.0 128688.0 
216088.0 117476.0 
182731.0 111922.0 
166946.0 105740.0 
158957.0 110348.0 
148214.0 115180.0 
153588.0 115474.0 
143809.0 109158.0 
135720.0 107464.0 
122233.0 101868.0 
128663.0 101025.0 
122251.0 100850.0 
128813.0 100369.0 
128908.0 109647.0 
141896.0 103205.0 
161488.0 105549.0 
187017.0 94553.0 
194881.5 96417.0 
202746.0 97857.0 
201045.0 107012.0 
189520.0 123157.0 
168078.0 148348.0 
146436.0 152042.0 
135449.0 140049.0 
122936.0 117032.0 
125936.0 104080.0 
125122.0 96608.0 
115770.0 96574.0 
112179.0 105888.0 
112402.0 107465.0 
108934.0 100760.0 
118206.0 95422.0 
128335.0 102896.0 
133967.0 98679.0 
132509.0 98911.0 
141981.0 96169.0 
134537.0 109533.0 
131463.0 116797.0 
120667.0 111474.0 
122576.0 112330.0 
135118.0 103863.0 
158313.0 93363.0 
168596.0 90720.0 
169642.0 88933.0 
152790.0 94387.0 
143808.0 95475.0 
136316.0 95478.0 
130866.0 96937.0 
137667.0 103897.0 
126744.0 103643.0 
122426.0 96716.0 
125307.0 99448.0 
132882.0 95923.0 
135118.0 98938.0 
146428.0 95222.0 
144407.0 110673.0 
136908.0 103802.0 
130698.0 100834.0 
126382.0 94449.0 
129445.0 97875.0 
132291.0 110580.0 
130043.0 110566.0 
137816.0 110866.0 
132373.0 110138.0 
136302.0 106759.0 
133865.0 103701.0 
128719.0 102809.0 
113004.0 92854.0 
116847.0 93061.0 
124528.0 92392.0 
134566.0 87684.0 
150600.0 88235.0 
159558.0 95287.0 
155964.0 98671.0 
169743.0 107163.0 
180992.0 110811.0 
193194.0 118136.0 
193253.0 114731.0 
188203.0 107029.0 
189895.0 114405.0 
192117.0 108787.0 
196985.0 109034.0 
211970.0 112931.0 
227397.0 118119.0 
266579.0 131296.0 
292563.0 130711.0 
276667.0 130601.0 
235986.0 125653.0 
197422.0 118299.0 
172292.0 128282.0 
157556.0 134501.0 
163769.0 136553.0 
161736.0 133793.0 
164338.0 106568.0 
150422.0 107360.0 
154762.0 100066.0 
155581.0 102696.0 
157678.0 95536.0 
161789.0 95073.0 
157286.0 93719.0 
157636.0 99137.0 
154319.0 95289.0 
157029.0 105604.0 
160456.0 91749.0 
165108.0 91320.0 
142773.0 96773.0 
133342.0 93249.0 
126355.0 88191.0 
128274.0 98006.0 
137545.0 88792.0 
140888.0 89760.0 
148221.0 90479.0 
150679.0 83993.0 
143640.0 89121.0 
134259.0 92204.0 
131786.0 92360.0 
133984.0 85217.0 
140584.0 91202.0 
140014.0 86342.0 
128733.0 87359.0 
133825.0 90707.0 
138681.0 92706.0 
160862.0 97468.0 
216939.0 111782.0 
269467.0 105727.0 
257847.0 102628.0 
224485.0 101506.0 
187083.0 100195.0 
169828.0 104192.0 
152071.0 108233.0 
144093.0 121705.0 
149485.0 128043.0 
145199.0 139496.0 
161470.0 157178.0 
184424.0 166567.0 
206106.0 164366.0 
238404.0 163136.0 
313678.0 163891.0 
428656.0 163188.0 
537678.0 152456.0 
525532.0 149046.0 
386203.0 141368.0 
262242.0 132796.0 
200990.0 128435.0 
179886.0 123071.0 
177703.0 125613.0 
175396.0 129545.0 
172141.0 131050.0 
174878.0 133494.0 
169576.0 124004.0 
166698.0 119184.0 
178076.0 116354.0 
190862.0 125369.0 
203648.0 123373.0 
242218.0 118831.0 
262047.0 124277.0 
281876.0 124227.0 
309826.0 122971.0 
329545.0 127860.0 
321811.0 125750.0 
320586.0 131677.0 
320624.0 127334.0 
335292.0 129689.0 
342337.0 130924.0 
362285.0 133539.0 
400177.0 144516.0 
411854.0 138853.0 
423111.0 137422.0 
446842.0 156019.0 
496032.0 192981.0 
541289.0 220225.0 
594205.0 240923.0 
644191.0 224027.0 
633379.0 216525.0 
596552.0 198780.0 
560159.0 187801.0 
474708.0 177115.0 
371171.0 166833.0 
284066.0 148282.0 
257615.0 139179.0 
284768.0 126620.0 
323584.0 113734.0 
313476.0 115400.0 
274700.0 113935.0 
240648.0 109986.0 
223758.0 111672.0 
217187.0 111674.0 
228485.0 108816.0 
221214.0 107694.0 
221879.0 102822.0 
206801.0 108933.0 
199576.0 105672.0 
189777.0 104543.0 
182381.0 106666.0 
193425.0 105818.0 
196295.0 95693.0 
198781.0 96680.0 
204686.0 97912.0 
197058.0 96745.0 
191012.0 93141.0 
183171.0 97472.0 
174795.0 94155.0 
179273.5 99224.0 
183752.0 98233.0 
183170.0 92459.0 
179401.0 96990.0 
184790.0 98638.0 
176759.0 94312.0 
186157.0 99177.0 
179873.0 107818.0 
189065.0 118394.0 
200306.0 127520.0 
201402.0 132706.0 
227318.0 147155.0 
272326.0 160634.0 
315009.0 177752.0 
364156.0 188655.0 
429585.0 197382.0 
481076.0 211721.0 
541709.0 213432.0 
581949.0 218986.0 
629735.0 218545.0 
659154.0 228274.0 
698347.0 233451.0 
699151.0 225865.0 
698075.0 226744.0 
708851.0 224266.0 
705910.0 215852.0 
690223.0 214512.0 
670593.0 204366.0 
650377.0 209543.0 
632304.0 196858.0 
621899.0 201850.0 
592033.0 191224.0 
584208.0 182054.0 
551278.0 184452.0 
547331.0 173962.0 
530957.0 166734.0 
511123.0 163078.0 
495273.0 160460.0 
490276.0 167826.0 
484643.0 160967.0 
480540.0 163620.0 
467123.0 156895.0 
439878.0 158919.0 
420980.0 148239.0 
413601.0 156250.0 
408491.0 156668.0 
394099.0 155042.0 
377091.0 142233.0 
361634.0 140149.0 
357438.0 146791.0 
374546.0 156560.0 
450966.0 195436.0 
554723.0 222123.0 
594801.0 248187.0 
520178.0 254784.0 
443066.0 255062.0 
416439.0 255581.0 
466859.0 236193.0 
481184.0 221240.0 
400785.0 179580.0 
313111.0 162650.0 
257790.0 150869.0 
246456.0 156719.0 
235122.0 147279.0 
226217.0 150746.0 
231881.0 158177.0 
268202.0 175645.0 
318037.0 205116.0 
346239.0 236884.0 
315204.0 254807.0 
242310.0 252034.0 
201311.0 228192.0 
193617.0 208167.0 
200151.0 191703.0 
187825.0 171183.0 
191838.0 161457.0 
184107.0 141942.0 
172032.0 139019.0 
166823.0 136216.0 
167900.0 127883.0 
161090.0 113881.0 
159292.0 111959.0 
150394.0 106142.0 
153921.0 99151.0 
148531.0 95397.0 
150615.0 94618.0 
143011.0 87938.0 
138488.0 93403.0 
140956.0 96985.0 
138613.0 109039.0 
156334.0 114457.0 
158361.0 117916.0 
169230.0 117640.0 
166763.0 114907.0 
159058.0 111950.0 
153202.0 102147.0 
139652.0 100170.0 
137610.0 92822.0 
129159.0 98058.0 
132309.0 89554.0 
130345.0 91120.0 
134852.0 87228.0 
134561.0 93404.0 
127734.0 91665.0 
141676.0 92389.0 
133686.0 105776.0 
132071.0 110340.0 
126668.0 123186.0 
124863.0 139286.0 
127224.0 140084.0 
128839.0 137189.0 
139792.0 115014.0 
141109.0 97882.0 
140189.0 88934.0 
142204.0 88309.0 
149101.0 88599.0 
163493.0 90079.0 
174404.0 90544.0 
191367.0 115608.0 
216609.0 151136.0 
227618.0 186283.0 
219622.0 222161.0 
178154.0 201957.0 
146141.0 158923.0 
131505.0 118831.0 
128045.0 99536.0 
130077.0 99388.0 
147373.0 104025.0 
151745.0 117369.0 
178375.0 144453.0 
234554.0 168720.0 
340844.0 171276.0 
406726.0 158812.0 
383958.0 143644.0 
292447.0 190316.0 
203481.0 258837.0 
155125.0 326882.0 
150522.0 286543.0 
148021.0 203221.0 
163372.0 134164.0 
206404.0 104754.0 
263183.0 93542.0 
290438.0 91477.0 
261041.0 93167.0 
221012.0 115818.0 
237922.0 153858.0 
350166.0 231397.0 
493811.0 294899.0 
569834.0 278508.0 
464045.0 222082.0 
315383.0 161248.0 
205472.0 114932.0 
157422.0 99074.0 
145963.0 97253.0 
144587.0 90384.0 
177419.0 94000.0 
277751.0 103231.0 
424883.0 114892.0 
524470.0 117733.0 
475934.0 110482.0 
341836.0 97748.0 
219890.0 90761.0 
159567.0 87811.0 
138863.0 87001.0 
133723.0 83105.0 
133836.0 79220.0 
139543.0 87017.0 
145693.0 86791.0 
176993.0 79417.0 
202532.0 79034.0 
203588.0 77827.0 
176412.0 86416.0 
152570.0 83853.0 
141584.0 81427.0 
145306.0 81367.0 
141508.0 86854.0 
134944.0 91990.0 
142305.0 86829.0 
140073.0 99831.0 
145494.0 109002.0 
158684.0 119345.0 
205864.0 117364.0 
249165.0 113420.0 
267127.0 102662.0 
228884.0 102321.0 
189519.0 96238.0 
157079.0 99540.0 
154919.0 93972.0 
144090.0 84380.0 
142798.0 83666.0 
139222.0 81431.0 
132331.0 80832.0 
128156.0 87310.0 
121537.0 87195.0 
123040.0 84393.0 
116387.0 86432.0 
119816.0 83535.0 
123825.0 88904.0 
118232.0 80060.0 
124401.0 78934.0 
123197.0 81241.0 
123461.0 81229.0 
124276.0 83182.0 
124441.5 84802.0 
124607.0 76710.0 
122498.0 84576.0 
124321.0 80164.0 
132251.0 78192.0 
128309.0 83286.0 
124288.0 81950.0 
129033.0 82571.0 
122955.0 78369.0 
129383.0 83343.0 
125776.0 85256.0 
129057.0 81956.0 
127955.0 80719.0 
139021.0 86054.0 
140754.0 83034.0 
179730.0 87275.0 
257115.0 89068.0 
317612.0 82907.0 
340584.0 88366.0 
276477.0 86132.0 
203890.0 81450.0 
158215.0 84345.0 
147333.0 82238.0 
143532.0 77315.0 
151428.0 84107.0 
158668.0 83502.0 
155599.0 76802.0 
153666.0 76889.0 
160807.0 75847.0 
175177.0 77617.0 
199535.0 70129.0 
257821.0 80147.0 
326423.0 81128.0 
404951.0 79738.3333333 
395182.0 78348.6666667 
344128.0 76959.0 
258744.0 82112.0 
235213.0 88143.0 
253863.0 100658.0 
278110.0 103347.0 
274794.0 107307.0 
227451.0 105816.0 
170301.0 109389.0 
150217.0 99968.0 
132044.0 97155.0 
129019.0 99153.0 
138926.0 98260.0 
158328.0 111970.0 
186264.0 118161.0 
245594.0 132364.0 
292242.0 134452.0 
298524.0 117788.0 
239168.0 100178.0 
193593.0 92488.0 
147105.0 86680.0 
130398.0 83705.0 
115985.0 86297.0 
112284.0 86800.0 
116855.0 91028.0 
125120.0 95109.0 
156542.0 104497.0 
183538.0 99791.0 
196532.0 97320.0 
172279.0 88290.0 
144659.0 86490.0 
125847.0 81009.0 
131574.0 84162.0 
148683.0 81699.0 
171331.0 79125.0 
161264.0 76363.0 
142681.0 80014.0 
122757.0 74123.0 
111722.0 76409.0 
112140.5 77636.0 
112559.0 78216.0 
174006.0 91386.0 
433618.0 116279.0 
1118762.0 153533.0 
2133758.0 158078.166667 
2999665.0 162623.333333 
3164211.0 167168.5 
2432932.0 171713.666667 
1617823.0 176258.833333 
968421.0 180804.0 
526142.0 187793.0 
310472.0 168123.0 
195609.0 141694.0 
158075.0 121486.0 
146160.0 101561.0 
153681.0 97810.0 
166564.0 89169.0 
174544.0 89994.0 
180801.0 87706.0 
163671.0 89418.0 
162038.0 89206.0 
149789.0 86967.0 
138954.0 87522.0 
132788.0 82807.0 
124719.0 88040.0 
116457.0 87349.0 
114400.0 89280.0 
122220.0 84041.0 
126562.0 94309.0 
125147.0 88406.0 
120590.0 90553.0 
110362.0 91747.0 
119647.0 90844.0 
121781.0 82258.0 
130287.0 82871.0 
134212.0 88209.0 
134271.0 88543.0 
124116.0 81418.0 
116522.0 86638.0 
123594.0 87223.0 
126175.0 94025.0 
134530.0 100876.0 
143696.0 103774.0 
155616.0 107595.0 
164318.0 97550.0 
161162.0 87503.0 
134333.0 90138.0 
118725.0 83132.0 
109296.0 84003.0 
102523.0 85455.0 
106077.0 82935.0 
106450.0 91223.0 
108754.0 92015.0 
102357.0 90204.0 
116262.0 88049.0 
108401.0 84846.0 
111346.0 89615.0 
102934.0 81488.0 
109959.0 87228.0 
112154.0 87077.0 
108351.0 90416.0 
115690.0 91560.0 
122909.0 104581.0 
143465.0 133441.0 
165876.0 168364.0 
183087.0 191720.0 
200794.0 198991.0 
205256.0 184043.0 
189233.0 174759.0 
167689.0 177236.0 
157736.0 157278.0 
151567.0 150921.0 
136500.0 147820.0 
131775.0 134795.0 
117506.0 129469.0 
118836.0 120789.0 
115045.0 123501.0 
122710.0 117464.0 
146111.0 117597.0 
189961.0 113247.0 
221213.0 111662.0 
222656.0 104688.0 
214434.0 106836.0 
225385.0 113102.0 
235422.0 108961.0 
229039.0 108209.0 
190892.0 106082.0 
155887.0 96959.0 
134457.0 88309.0 
127427.0 89605.0 
125533.0 87398.0 
125368.0 88469.0 
130391.0 86740.0 
126044.0 88087.0 
123510.0 90206.0 
117522.0 84280.0 
115019.0 88991.0 
110146.0 92649.0 
109113.0 84822.0 
110540.0 89482.0 
121014.0 88979.0 
139971.0 80213.0 
144292.0 86611.0 
127431.0 79576.0 
117664.0 73062.0 
110665.0 80749.0 
111790.0 76022.0 
119707.0 74982.0 
116408.0 76029.0 
108347.0 74688.0 
104987.0 74765.0 
111540.0 77442.0 
126112.0 79159.0 
143518.0 76184.0 
145000.0 75581.0 
139465.0 71946.0 
137748.0 78816.0 
137315.0 83815.0 
138308.0 82609.0 
130060.0 82006.0 
126015.0 78690.0 
127934.0 79919.0 
120282.0 80401.0 
113840.0 84436.0 
119934.0 89648.0 
115167.0 87110.0 
111136.0 86355.0 
111807.0 88861.0 
110787.0 87541.0 
109384.0 93701.0 
107414.0 92423.0 
106055.0 83523.0 
100275.0 84712.0 
99767.0 84460.0 
100117.0 82262.0 
102722.0 80092.0 
99258.0 80611.0 
103506.0 77012.0 
102544.0 77444.0 
104755.0 79659.0 
102342.0 75587.0 
98190.0 80646.0 
104387.0 82593.0 
119739.0 87127.0 
132293.0 96587.0 
157164.0 105246.0 
156607.0 96243.0 
135744.0 89561.0 
109405.0 88186.0 
103556.0 82531.0 
98457.0 82056.0 
99304.0 75398.0 
102366.0 81398.0 
117581.0 83043.0 
135886.0 78211.0 
154191.0 77635.0 
206236.0 79486.0 
238644.0 88331.0 
225753.0 89790.0 
182673.0 101886.0 
142797.0 100983.0 
120426.0 93042.0 
105028.0 87373.0 
107360.0 84269.0 
100369.0 75358.0 
98223.0 77224.0 
103501.0 74362.0 
98506.0 72979.0 
99622.0 74147.0 
92055.0 70363.0 
101243.0 67812.0 
95556.0 73364.0 
94552.0 68214.0 
89172.0 65941.0 
92117.0 73296.0 
93237.0 75960.0 
95565.0 71026.0 
90804.0 69383.0 
92392.0 75957.0 
87324.0 70547.0 
89127.0 69817.0 
89755.0 68991.0 
86988.0 64157.0 
92070.0 66044.0 
85496.0 66990.0 
93437.0 72028.0 
95251.0 68997.0 
94861.0 69131.0 
88557.0 65560.0 
85824.0 63292.0 
91095.0 66803.0 
91994.0 64430.0 
86855.0 67326.0 
96374.0 71889.0 
90345.0 70320.0 
99291.0 71887.0 
96135.0 69785.0 
96812.0 67379.0 
95565.0 68542.0 
89151.0 67773.0 
88718.0 67039.0 
92834.0 65280.0 
90334.0 65642.0 
89752.0 63965.0 
90961.0 64371.0 
83076.0 64208.0 
84302.0 68159.0 
88639.0 64599.0 
85126.0 65822.0 
94593.0 70075.0 
92114.0 67864.0 
112796.0 65810.0 
127351.5 66953.0 
141907.0 75570.0 
183036.0 78221.0 
178274.0 104923.0 
153266.0 115692.0 
113817.0 122530.0 
104196.0 125479.0 
96499.0 106726.0 
96671.0 91047.0 
88603.0 88582.0 
93608.0 81577.0 
98368.0 77866.0 
96908.0 78752.0 
90277.0 80907.0 
105020.0 73426.0 
105875.0 74518.0 
100742.0 72640.0 
110287.0 73228.0 
114149.0 67261.0 
121815.0 68741.0 
133763.0 75044.0 
128686.0 66757.0 
113091.0 70360.0 
105687.0 74321.0 
100336.0 75224.0 
97685.0 74233.0 
97783.0 77252.0 
103080.0 82197.0 
92843.0 77777.0 
96600.0 79194.0 
101274.0 68594.0 
106952.0 70095.0 
107444.0 65311.0 
107911.0 67231.0 
104491.0 71668.0 
96946.0 69262.0 
97840.0 68212.0 
102939.0 69158.0 
99305.0 65480.0 
97711.0 64130.0 
95959.0 68306.0 
90158.0 68766.0 
90975.0 73233.0 
98635.0 81929.0 
100956.0 78983.0 
94799.0 83365.0 
95437.0 78714.0 
96444.0 75002.0 
100755.0 70925.0 
112968.0 63791.0 
130116.0 67493.0 
129596.0 76897.0 
126035.0 77244.0 
129420.0 80190.0 
126503.0 77515.0 
109828.0 84485.0 
107643.0 83603.0 
99466.0 83755.0 
94456.0 77435.0 
101932.0 80535.0 
110403.0 82162.0 
119330.0 74483.0 
119016.0 80605.0 
123218.0 80519.0 
128590.0 84105.0 
118391.0 95559.0 
114062.0 95953.0 
108547.0 95181.0 
105925.0 91719.0 
112378.0 78238.0 
129615.0 76392.0 
159872.0 81424.0 
168423.0 88654.0 
149392.0 83616.0 
134941.0 85070.0 
133546.0 79893.0 
148429.0 78448.0 
154796.0 78553.0 
138698.0 75999.0 
113636.0 71573.0 
100188.0 70293.0 
98168.0 79877.0 
100888.0 101871.0 
118150.0 104120.0 
149613.0 97712.0 
171526.0 97317.0 
172432.0 84708.0 
138356.0 76606.0 
128307.0 72055.0 
118258.0 70632.0 
101811.0 74333.0 
98154.0 74020.0 
98646.0 69273.0 
100374.0 65285.0 
95617.0 68630.0 
97076.0 71141.0 
95202.0 68588.0 
114621.0 74111.0 
140549.0 71302.0 
154521.0 75375.0 
158577.0 76648.0 
158423.0 79614.0 
152847.0 88158.0 
156527.0 83661.0 
161026.0 74293.0 
141147.0 72651.0 
124689.0 68119.0 
106451.0 63410.0 
104846.0 66331.0 
100516.0 66261.0 
101081.0 72495.0 
100876.0 69306.0 
120558.0 70861.0 
131276.0 68126.0 
125644.0 66219.0 
116563.0 68288.0 
111073.0 71700.0 
113997.0 72174.0 
110542.0 70076.0 
114674.0 70862.0 
102663.0 74181.0 
100671.0 70996.0 
94594.0 68070.0 
95533.0 71173.0 
109959.0 68007.0 
114390.0 70487.0 
123912.0 66944.0 
123327.0 69756.0 
115614.0 66843.0 
103909.0 70379.0 
100200.0 68600.0 
96800.0 66148.0 
101445.0 67632.0 
97703.0 69935.0 
100076.0 66252.0 
105669.0 66865.0 
113595.0 64721.0 
121831.0 72129.0 
115103.0 67508.0 
109521.0 74084.0 
111542.0 64322.0 
111345.0 69759.0 
103697.0 68826.0 
101658.0 73136.0 
100157.0 70853.0 
105756.0 75318.0 
95985.0 73305.0 
95790.0 67980.0 
98159.0 72444.0 
99148.0 69633.0 
97297.0 68215.0 
94829.0 72966.0 
105875.0 71996.0 
108048.0 66655.0 
113711.0 69054.0 
125492.0 69452.0 
116871.0 71183.0 
107513.0 73940.0 
106324.0 66902.0 
96538.0 67160.0 
103016.0 72675.0 
94723.0 68857.0 
91316.0 66868.0 
94628.0 69078.0 
92794.0 64245.0 
104115.0 68597.0 
99876.0 67790.0 
107484.0 69909.0 
101646.0 67876.0 
94863.0 67045.0 
91936.0 67833.0 
98330.0 71075.0 
96207.0 72832.0 
90308.0 67547.0 
93088.0 67496.0 
95523.0 67398.0 
97447.0 70117.0 
100305.0 65676.0 
100061.0 65866.0 
99953.0 64794.0 
100869.0 62947.0 
101785.0 68131.0 
100989.0 69707.0 
99716.0 64907.0 
96966.0 63447.0 
96240.0 61146.0 
94968.0 66539.0 
97124.0 64853.0 
97948.0 64593.0 
95537.0 64477.0 
96229.0 63170.0 
99881.0 67363.0 
91564.0 66208.0 
92738.0 68379.0 
95611.0 62679.0 
96597.0 66212.0 
101259.0 63534.0 
93283.0 65237.0 
97233.0 62548.0 
99457.0 68153.0 
99789.0 69390.0 
92069.0 67747.0 
94359.0 69621.0 
94303.0 65353.0 
98259.0 68000.0 
103276.0 65271.0 
104067.0 63259.0 
110432.0 63406.0 
107122.0 67416.0 
118551.0 64944.0 
132435.0 68126.0 
126344.0 67112.0 
120805.0 64199.0 
107036.0 62003.0 
104952.0 66213.0 
109935.0 71939.0 
106948.0 70366.0 
113224.0 73238.0 
119056.0 78122.0 
117174.0 77429.0 
107943.0 76431.0 
99436.0 76422.0 
97918.0 74458.0 
101584.0 75464.0 
106963.0 71681.0 
99569.0 72691.0 
101779.0 74225.0 
98066.0 73066.0 
94699.0 73528.0 
96737.0 65256.0 
97450.0 72823.0 
99525.0 74731.0 
98479.0 69721.0 
98566.0 68518.0 
102669.0 67040.0 
101649.0 68765.0 
101742.0 70284.0 
100027.0 66545.0 
100417.0 65939.0 
98719.0 68003.0 
100240.0 69481.0 
101479.0 66996.0 
104615.0 68804.0 
102587.0 65853.0 
101449.0 67947.0 
102017.0 63272.0 
98374.0 73030.0 
101854.0 68746.0 
101465.0 68935.0 
103157.0 68182.0 
108372.0 65472.0 
125864.0 69328.0 
152619.0 65508.0 
187894.0 67069.0 
205887.0 68728.0 
183018.0 66725.0 
145101.0 67822.0 
123233.0 64870.0 
113055.0 67600.0 
106640.0 69620.0 
104954.0 64395.0 
108767.0 68080.0 
102784.0 74134.0 
108829.0 72258.0 
115047.0 71011.0 
120818.0 69328.0 
130386.0 72369.0 
144996.0 69123.0 
168406.0 72361.0 
229808.0 70327.0 
316390.0 70248.25 
353872.0 70169.5 
357963.0 70090.75 
315941.0 70012.0 
282492.0 72727.0 
249491.0 72330.0 
225092.0 72242.0 
208804.0 69550.0 
190620.0 65502.0 
174891.0 73202.0 
166332.0 68340.0 
157066.0 70127.0 
158290.0 67234.0 
154313.0 67626.0 
140191.0 66230.0 
143635.0 71153.0 
134179.0 67159.0 
124556.0 67017.0 
119540.0 67563.0 
124525.0 70005.0 
124883.0 68132.0 
120781.0 67394.0 
121519.0 67775.0 
126629.0 68560.0 
127337.0 68591.0 
121670.0 67208.0 
120353.0 68864.0 
112866.0 65838.0 
113536.0 73653.0 
110804.0 72994.0 
108954.0 72214.0 
105697.0 74128.0 
105316.0 68907.0 
103485.0 67476.0 
111269.0 65309.0 
109434.0 68060.0 
110620.0 66532.0 
109509.0 69051.0 
106762.0 68130.0 
108384.0 64613.0 
104409.0 63464.0 
106769.0 69390.0 
107842.0 67102.0 
107429.0 64562.0 
101274.0 65212.0 
103036.0 69122.0 
104087.0 68492.0 
106201.0 70797.0 
99184.0 66538.0 
102855.0 65806.0 
102848.0 70335.0 
103455.0 61826.0 
101556.0 67440.0 
104050.0 65160.0 
99404.0 63324.0 
104412.0 66103.0 
99424.0 64716.0 
105835.0 64426.0 
96367.0 69904.0 
105826.0 63376.0 
105288.0 67906.0 
100890.0 62294.0 
102624.0 66192.0 
117713.0 67664.0 
120164.0 62965.0 
146718.0 65583.0 
184138.0 62717.0 
239852.0 61300.0 
312775.0 61646.25 
356927.0 61992.5 
363668.0 62338.75 
369338.0 62685.0 
358263.0 63031.25 
345067.0 63377.5 
335771.0 63723.75 
322781.0 64070.0 
286060.0 64416.25 
276834.0 64762.5 
273864.0 65108.75 
257793.0 65455.0 
246645.0 62337.0 
233322.0 64493.0 
218425.0 64179.0 
205475.0 64047.0 
186583.0 65590.0 
179780.0 63304.0 
187246.0 67503.0 
170358.0 67012.0 
166307.0 70797.0 
164342.0 66429.0 
153773.0 66175.0 
151077.0 61286.0 
147975.0 67902.0 
145493.0 64485.0 
135008.0 60841.0 
134604.0 69247.0 
131276.0 66640.0 
131640.0 65184.0 
127190.0 66490.0 
123959.0 66170.0 
118953.0 63529.0 
124352.0 69898.0 
117497.0 68727.0 
119241.0 69730.0 
114764.0 67714.0 
113413.0 69162.0 
111967.0 72928.0 
112201.0 67815.0 
106553.0 67967.0 
103448.0 69883.0 
102951.0 67618.0 
106725.0 66273.0 
104872.0 65729.0 
103850.0 68484.0 
97248.0 67402.0 
102588.0 65809.0 
107780.0 67865.0 
103296.0 64499.0 
103579.0 67911.0 
103885.0 65271.0 
108570.0 71455.0 
106899.0 68452.0 
107694.0 68575.0 
101334.0 68436.0 
98878.0 66778.0 
100426.0 65693.0 
96236.0 65431.0 
94908.0 67177.0 
96445.0 64733.0 
96671.0 60777.0 
93654.0 66632.0 
96766.0 67059.0 
96885.0 65433.0 
97811.0 64834.0 
96019.0 70538.0 
91370.0 63862.0 
90583.0 61911.0 
96656.0 64303.0 
89763.0 65031.0 
94066.0 63910.0 
96206.0 67094.0 
91028.0 62749.0 
88365.0 65724.0 
94353.0 64411.0 
90926.0 69546.0 
89895.0 70736.0 
89516.0 63514.0 
92673.0 63410.0 
91123.0 65640.0 
89848.0 66808.0 
88942.0 65338.0 
88065.0 69601.0 
90446.0 61816.0 
90441.0 67523.0 
88498.0 62503.0 
91138.0 61983.0 
89289.0 63915.0 
90924.0 65359.0 
88704.0 66285.0 
91258.0 61442.0 
90106.0 68823.0 
96449.0 63497.0 
111540.0 68626.0 
159478.0 65536.0 
238010.0 60335.0 
331741.0 60935.4 
379935.0 61535.8 
359686.0 62136.2 
299558.0 62736.6 
227714.0 63337.0 
184526.0 61807.0 
169359.0 64642.0 
198768.0 70129.0 
237694.0 63943.0 
253140.0 67363.0 
248248.0 63048.0 
201602.0 63118.0 
155406.0 67219.0 
126495.0 67698.0 
106817.0 66537.0 
95485.0 67520.0 
96571.0 68837.0 
93447.0 73190.0 
91099.0 81821.0 
90839.0 91306.0 
88092.0 102533.0 
92005.0 108792.0 
94284.0 106856.0 
89205.0 112825.0 
95078.0 104334.0 
89988.0 93570.0 
86965.0 91371.0 
86657.0 80487.0 
92003.0 75226.0 
98207.0 79113.0 
115516.0 75149.0 
138684.0 70413.0 
154626.0 67700.0 
166172.0 66636.0 
153523.0 66037.0 
143938.0 64173.0 
145329.0 64655.0 
129914.0 63861.0 
117634.0 67538.0 
102308.0 66841.0 
92776.0 68695.0 
93148.0 62997.0 
90870.0 61518.0 
87090.0 66218.0 
83881.0 67481.0 
83517.0 68029.0 
90035.0 63977.0 
83631.0 65547.0 
84543.0 66630.0 
86549.0 61756.0 
91912.0 63259.0 
88025.0 61708.0 
88109.0 62396.0 
90033.0 63326.0 
87455.0 64315.0 
81777.0 64327.0 
87278.0 68299.0 
87641.0 61315.0 
86133.0 65683.0 
84301.0 65823.0 
82039.0 61600.0 
85907.0 62355.0 
84704.0 64470.0 
81274.0 63057.0 
79404.0 63922.0 
77426.0 59067.0 
77662.0 60132.0 
79059.0 62715.0 
87012.0 67028.0 
80822.0 61122.0 
83649.0 64480.0 
83839.0 61763.0 
81286.0 59756.0 
78130.0 61582.0 
78821.0 57706.0 
82411.0 59497.0 
81639.0 58694.0 
80210.0 61094.0 
78520.0 62214.0 
81991.0 64267.0 
79026.0 58976.0 
77067.0 58631.0 
79875.0 60640.0 
84159.0 59005.0 
85078.0 63911.0 
84148.0 61524.0 
92928.0 59662.0 
87029.0 68156.0 
85606.0 62424.0 
84864.0 66715.0 
80219.0 64726.0 
79940.5 61123.0 
79662.0 62834.0 
74847.0 56743.0 
76171.0 57987.0 
76511.0 65596.0 
70101.0 60555.0 
72184.0 62150.0 
75991.0 60190.0 
75619.0 57538.0 
72145.0 61740.0 
74249.0 61892.0 
79060.0 57853.0 
76007.0 58740.0 
78017.0 63840.0 
75421.0 60282.0 
75185.0 64658.0 
71141.0 57459.0 
72941.0 60154.0 
74655.0 59471.0 
72448.0 57721.0 
74507.0 59963.0 
76152.0 61966.0 
76966.0 58367.0 
68266.0 59471.0 
74425.0 58770.0 
73617.0 62730.0 
70700.0 61154.0 
72287.0 57675.0 
72384.0 54500.0 
69589.0 58731.0 
70043.0 62195.0 
72291.0 57897.0 
69152.0 56718.0 
73832.0 57334.0 
72266.0 58006.0 
73050.0 58715.0 
71251.0 56180.0 
68258.0 59815.0 
73473.0 59304.0 
72765.0 56536.0 
74182.0 62043.0 
73816.0 55473.0 
72151.0 60073.0 
70174.0 58007.0 
70125.0 60438.0 
74089.0 58284.0 
73310.0 57764.0 
69915.0 58541.0 
67158.0 53713.0 
74136.0 59178.0 
71031.0 60357.0 
67241.0 57326.0 
73028.0 57360.0 
67482.0 59716.0 
68528.0 56889.0 
69215.0 56399.0 
68894.0 54368.0 
68775.0 57178.0 
68120.0 59720.0 
67248.0 59863.0 
68634.0 58964.0 
70291.0 59119.0 
69680.0 61695.0 
74539.0 60025.0 
69395.0 56500.0 
70181.0 59455.0 
69149.0 55636.0 
70880.0 58371.0 
70864.0 57742.0 
71353.0 62322.0 
69303.0 62093.0 
67547.0 57624.0 
70999.0 53970.0 
66871.0 58135.0 
66230.0 57067.0 
67196.0 58929.0 
66461.0 56661.0 
70678.0 54449.0 
72212.0 59035.0 
70517.0 57398.0 
70498.0 59853.0 
72715.0 54498.0 
67363.0 56557.0 
68915.0 55675.0 
71213.0 53446.0 
73271.0 55881.0 
68329.0 53736.0 
73259.0 55590.0 
72407.0 57378.0 
72388.0 57282.0 
69983.0 55075.0 
68406.0 58723.0 
70456.0 55310.0 
63952.0 54410.0 
65608.0 58097.0 
73304.0 56843.0 
72592.0 60132.0 
65099.0 56583.0 
65967.0 55865.0 
66859.0 54630.0 
64816.0 54740.0 
66774.0 55408.0 
67391.0 60983.0 
67020.0 53531.0 
63361.0 60193.0 
63722.0 55732.0 
63912.0 56034.0 
63483.0 57838.0 
62351.0 55642.0 
65581.0 53588.0 
65767.0 58194.0 
63775.0 58066.0 
67604.0 54132.0 
64748.0 56875.0 
62475.0 57684.0 
68761.0 61097.0 
65139.0 57131.0 
66870.0 55708.0 
66128.0 54411.0 
66363.0 53984.0 
62056.0 53127.0 
65680.0 56416.0 
67385.0 58477.0 
61111.0 58309.0 
64204.0 56227.0 
68032.0 58793.0 
61410.0 58453.0 
60583.0 59202.0 
65281.0 54981.0 
65816.0 59862.0 
62403.0 54556.0 
62713.0 56777.0 
67519.0 54466.0 
66170.0 56064.0 
63802.0 56084.0 
59637.0 54732.0 
68773.0 51926.0 
65306.0 54739.0 
66408.0 51695.0 
68277.0 58184.0 
64680.0 52485.0 
63907.0 56285.0 
67982.0 53977.0 
67802.0 54874.0 
66407.0 51475.0 
62146.0 55352.0 
63662.0 58332.0 
62618.0 55453.0 
65692.0 58542.0 
66155.0 53819.0 
63161.0 50887.0 
62666.0 53826.0 
61985.0 53120.0 
65575.0 56031.0 
59545.0 53352.0 
62245.0 56909.0 
61938.0 52900.0 
59376.0 57784.0 
